1,0,940
2,0,940
4,0,940
1,0,1254
2,0,1411
3,0,1568
2,0,1725
1,0,2039
2,0,2196
3,0,2353
1,0,2510
2,0,2667
3,0,2981
2,0,3138
1,0,3296
3,0,3453
2,0,3610
1,0,3924
2,0,3924
3,0,4081
4,0,4238
2,0,4395
3,0,4474
4,0,4552
2,0,4631
1,0,4709
3,0,4709
4,0,4709
1,0,4866
2,0,4866
2,0,5023
3,0,5023
2,0,5337
3,0,5337
1,0,5494
3,0,5494
1,0,5808
2,0,5808
3,0,6122
1,0,6201
2,0,6279
3,0,6436
1,0,6593
2,0,6593
1,0,6750
3,0,6750
2,0,6986
1,0,7065
3,0,7143
1,0,7222
2,0,7300
1,0,7379
3,0,7379
2,0,7693
3,0,7693
1,0,8007
2,0,8007
1,0,8164
3,0,8164
4,0,8164
4,0,8478
3,0,8635
2,0,8792
4,0,8949
3,0,9106
4,0,9263
2,0,9342
3,0,9421
4,0,9499
3,0,9578
2,0,9656
4,0,9735
2,0,9813
3,0,9892
4,0,9970
2,0,10049
4,0,10206
3,0,10363
2,0,10520
4,0,10520
3,0,10834
4,0,10834
2,0,11148
3,0,11148
3,0,11462
4,0,11462
1,0,11619
2,0,11619
4,0,11619
2,0,11776
3,0,11776
1,0,11933
4,0,11933
1,0,12090
2,0,12090
3,0,12090
2,0,12247
4,0,12247
1,0,12404
3,0,12404
2,0,12561
4,0,12561
1,0,12719
3,0,12719
1,0,12876
2,0,12876
4,0,12876
3,0,13033
2,0,13111
1,0,13190
4,0,13190
1,0,13347
3,0,13347
2,0,13504
4,0,13504
1,0,13661
3,0,13661
4,0,13661
3,0,13818
4,0,13818
2,0,13897
3,0,13975
4,0,13975
2,0,14054
1,0,14132
4,0,14132
2,0,14211
1,0,14289
4,0,14289
3,0,14368
1,0,14446
2,0,14446
4,0,14446
3,0,14525
1,0,14603
2,0,14603
3,0,14682
1,0,14760
4,0,14760
2,0,14839
3,0,14917
4,0,14996
1,0,15075
2,0,15075
3,0,15075
1,0,15232
2,0,15232
3,0,15232
2,0,15547
3,0,15547
4,0,15547
2,0,15712
3,0,15712
4,0,15712
1,0,16044
2,0,16044
4,0,16044
1,0,16394
2,0,16394
3,0,16394
4,0,16487
1,0,16580
2,0,16673
1,0,16766
3,0,16766
4,0,16766
1,0,16964
3,0,16964
4,0,16964
1,0,17362
2,0,17362
4,0,17362
1,0,17591
2,0,17591
4,0,17591
2,0,18049
3,0,18049
4,0,18049
1,0,18589
3,0,18589
4,0,18589
2,0,18883
3,0,19177
4,0,19471
1,0,19765
2,0,19765
4,0,19765
2,0,20079
2,0,20236
2,0,20550
2,0,20707
2,0,21021
2,0,21178
2,0,21492
2,0,21649
1,0,21963
2,0,22042
4,0,22121
3,0,22199
1,0,22278
2,0,22278
4,0,22278
3,0,22435
4,0,22435
1,0,22513
2,0,22592
3,0,22592
1,0,22749
3,0,22749
4,0,22749
1,0,22906
2,0,22906
4,0,22984
2,0,23063
3,0,23063
1,0,23220
3,0,23220
4,0,23220
2,0,23377
3,0,23377
4,0,23377
1,0,23534
2,0,23534
3,0,23613
1,0,23691
4,0,23691
2,0,23770
3,0,23848
4,0,23848
2,0,23927
1,0,24005
4,0,24005
3,0,24084
1,0,24162
2,0,24162
3,0,24241
1,0,24319
4,0,24319
2,0,24398
1,0,24477
3,0,24477
4,0,24477
2,0,24555
3,0,24634
4,0,24712
1,0,24791
2,0,24791
1,0,25105
3,0,25105
4,0,25105
1,0,25262
2,0,25262
4,0,25262
3,0,25419
1,0,25497
2,0,25576
3,0,25576
1,0,25733
2,0,25733
4,0,25733
1,0,25890
3,0,25890
4,0,25890
2,0,26047
4,0,26126
2,0,26204
3,0,26204
1,0,26361
3,0,26361
4,0,26361
1,0,26518
2,0,26518
4,0,26518
3,0,26675
4,0,26675
1,0,26833
2,0,26833
1,0,26990
3,0,26990
4,0,26990
2,0,27147
3,0,27147
1,0,27304
4,0,27304
3,0,27382
1,0,27461
2,0,27539
1,0,27618
3,0,27618
1,0,27775
3,0,27775
4,0,27775
2,0,27932
3,0,28011
2,0,28089
4,0,28089
1,0,28246
2,0,28246
3,0,28246
1,0,28403
2,0,28403
4,0,28403
3,0,28560
2,0,28639
1,0,28717
3,0,28717
2,0,28874
3,0,28874
4,0,28874
1,0,29032
3,0,29032
4,0,29032
1,0,29189
2,0,29189
4,0,29189
3,0,29267
4,0,29346
2,0,29424
1,0,29503
3,0,29503
4,0,29503
1,0,29660
2,0,29660
3,0,29738
1,0,29817
4,0,29817
2,0,29895
3,0,29974
4,0,30052
2,0,30131
3,0,30131
1,0,30288
2,0,30288
4,0,30288
3,0,30445
1,0,30524
2,0,30602
3,0,30602
1,0,30759
2,0,30759
4,0,30759
1,0,30916
3,0,30916
4,0,30916
2,0,31073
4,0,31152
2,0,31230
3,0,31230
1,0,31388
3,0,31388
4,0,31388
1,0,31545
2,0,31545
4,0,31545
3,0,31702
4,0,31702
1,0,31859
2,0,31859
1,0,32016
3,0,32016
4,0,32016
2,0,32173
3,0,32173
1,0,32330
4,0,32330
3,0,32408
2,0,32487
3,0,32566
1,0,32644
2,0,32644
1,0,32801
3,0,32801
4,0,32801
2,0,32958
3,0,33037
2,0,33115
4,0,33115
1,0,33272
2,0,33272
3,0,33272
3,0,33429
4,0,33429
1,0,33586
2,0,33586
3,0,33665
4,0,33665
1,0,33744
2,0,33744
3,0,33822
1,0,33901
2,0,33901
4,0,33901
3,0,33979
1,0,34058
4,0,34058
2,0,34136
1,0,34215
3,0,34215
4,0,34215
2,0,34293
1,0,34372
4,0,34372
3,0,34450
1,0,34529
2,0,34529
4,0,34529
3,0,34607
1,0,34686
2,0,34686
3,0,34764
1,0,34843
4,0,34843
1,0,35157
2,0,35157
3,0,35157
3,0,35314
1,0,35471
2,0,35471
4,0,35471
1,0,35628
3,0,35628
1,0,35785
2,0,35785
3,0,35785
4,0,35785
2,0,35943
4,0,35943
1,0,36100
3,0,36100
4,0,36100
2,0,36257
3,0,36257
1,0,36414
2,0,36414
3,0,36414
4,0,36414
1,0,36571
4,0,36571
2,0,36728
3,0,36728
4,0,36728
1,0,36885
2,0,36885
1,0,37042
3,0,37042
4,0,37042
2,0,37121
3,0,37199
4,0,37278
1,0,37356
2,0,37356
3,0,37356
1,0,37513
4,0,37513
2,0,37592
1,0,37670
3,0,37670
4,0,37670
2,0,37827
2,0,37984
3,0,37984
4,0,37984
1,0,38141
3,0,38141
1,0,38299
2,0,38299
3,0,38299
4,0,38299
1,0,38456
2,0,38456
3,0,38456
4,0,38456
3,0,38770
4,0,38770
1,0,38848
2,0,38927
4,0,38927
3,0,39005
1,0,39084
4,0,39084
2,0,39162
1,0,39241
3,0,39241
4,0,39241
1,0,39398
2,0,39398
3,0,39477
1,0,39555
2,0,39555
4,0,39555
3,0,39712
4,0,39712
1,0,39791
2,0,39791
3,0,39869
4,0,39869
1,0,39948
2,0,40026
3,0,40026
4,0,40105
1,0,40183
2,0,40183
3,0,40262
1,0,40340
4,0,40340
2,0,40419
3,0,40497
4,0,40497
2,0,40576
1,0,40655
4,0,40655
3,0,40733
1,0,40812
2,0,40812
3,0,40890
4,0,40890
1,0,40969
2,0,40969
4,0,40969
3,0,41283
4,0,41283
1,0,41361
2,0,41361
3,0,41440
4,0,41440
1,0,41518
2,0,41518
3,0,41597
4,0,41597
1,0,41675
2,0,41675
3,0,41754
4,0,41754
1,0,41833
2,0,41833
4,0,41911
3,0,41950
2,0,41990
1,0,42029
3,0,42068
4,0,42068
2,0,42147
1,0,42225
4,0,42225
3,0,42304
1,0,42382
2,0,42382
4,0,42382
1,0,42539
2,0,42539
3,0,42539
4,0,42539
2,0,42696
3,0,42696
1,0,42854
3,0,42854
4,0,42854
1,0,43011
2,0,43011
3,0,43011
4,0,43011
2,0,43168
3,0,43168
1,0,43325
2,0,43325
4,0,43325
1,0,43482
2,0,43482
3,0,43482
4,0,43482
3,0,43639
4,0,43639
1,0,43796
2,0,43796
3,0,43874
1,0,43953
4,0,43953
2,0,44032
3,0,44110
4,0,44110
2,0,44189
1,0,44267
3,0,44267
4,0,44267
1,0,44503
2,0,44503
4,0,44503
1,0,44738
3,0,44738
4,0,44738
2,0,44895
3,0,44895
4,0,44895
1,0,45210
3,0,45210
4,0,45210
2,0,45524
1,0,45681
4,0,45838
1,0,45995
4,0,46073
1,0,46152
2,0,46230
4,0,46309
1,0,46388
2,0,46466
4,0,46780
1,0,46937
1,0,47094
2,0,47094
4,0,47094
3,0,47408
1,0,47566
2,0,47723
1,0,47801
3,0,47880
2,0,47958
1,0,48037
3,0,48194
1,0,48351
2,0,48351
3,0,48351
4,0,48508
1,0,48586
3,0,48665
4,0,48744
1,0,48822
3,0,48901
1,0,48979
4,0,48979
1,0,49293
2,0,49293
4,0,49293
3,0,49607
2,0,49764
1,0,49921
4,0,49921
2,0,50078
3,0,50078
1,0,50235
3,0,50392
4,0,50392
2,0,50549
3,0,50706
1,0,50863
4,0,50863
2,0,51020
1,0,51177
4,0,51177
3,0,51334
4,0,51334
1,0,51491
2,0,51649
1,0,51806
4,0,51806
3,0,51884
2,0,51963
1,0,52041
3,0,52120
3,0,52277
1,0,52434
4,0,52434
1,0,52591
2,0,52591
3,0,52748
4,0,52748
1,0,52905
2,0,52905
3,0,53062
4,0,53062
1,0,54319
2,0,54319
4,0,54319
1,0,54476
2,0,54476
4,0,54476
1,0,54790
2,0,54790
3,0,54790
1,0,54947
2,0,54947
3,0,54947
1,0,55261
3,0,55261
4,0,55261
2,0,55418
3,0,55418
4,0,55418
1,0,55575
2,0,55575
4,0,55732
1,0,55889
3,0,55889
1,0,56046
4,0,56046
1,0,56203
3,0,56203
4,0,56203
2,0,56282
3,0,56360
1,0,56439
2,0,56517
3,0,56517
4,0,56517
2,0,56674
1,0,56831
2,0,56831
3,0,56831
1,0,56988
3,0,56988
2,0,57145
1,0,57302
2,0,57302
3,0,57302
3,0,57459
1,0,57537
2,0,57616
3,0,57695
1,0,57773
4,0,57773
2,0,58009
1,0,58087
3,0,58087
4,0,58087
2,0,58166
3,0,58244
4,0,58244
1,0,58323
2,0,58401
4,0,58480
1,0,58558
2,0,58558
3,0,58558
4,0,58637
1,0,58715
2,0,58715
3,0,58794
1,0,58873
4,0,58873
2,0,58951
1,0,59030
3,0,59030
4,0,59030
1,0,59187
3,0,59187
4,0,59187
1,0,59501
2,0,59501
4,0,59501
1,0,59658
2,0,59658
4,0,59658
1,0,59972
2,0,59972
3,0,59972
1,0,60129
2,0,60129
4,0,60129
3,0,60286
4,0,60286
2,0,60443
3,0,60600
1,0,60757
1,0,60914
2,0,60914
3,0,60914
4,0,60993
2,0,61071
3,0,61150
1,0,61228
2,0,61228
4,0,61228
3,0,61385
2,0,61542
3,0,61542
4,0,61542
2,0,61699
4,0,61699
3,0,61856
2,0,62013
3,0,62013
4,0,62013
2,0,62170
4,0,62248
3,0,62327
2,0,62406
1,0,62484
4,0,62484
3,0,62720
1,0,62798
2,0,62798
4,0,62798
3,0,62877
1,0,62955
2,0,62955
3,0,63034
2,0,63112
1,0,63191
4,0,63191
3,0,63269
2,0,63348
3,0,63426
4,0,63426
1,0,63505
2,0,63584
3,0,63662
1,0,63741
2,0,63741
4,0,63741
3,0,63819
1,0,63898
4,0,63898
2,0,63976
1,0,64055
3,0,64055
4,0,64055
1,0,64369
2,0,64369
4,0,64369
1,0,64526
3,0,64526
4,0,64526
1,0,64683
2,0,64683
3,0,64683
1,0,64840
2,0,64840
4,0,64840
1,0,64997
2,0,64997
4,0,64997
1,0,65311
3,0,65311
4,0,65311
2,0,65468
4,0,65468
1,0,65625
3,0,65625
4,0,65625
1,0,65782
2,0,65835
3,0,65887
1,0,65940
2,0,65940
4,0,65940
2,0,66097
3,0,66097
1,0,66254
3,0,66254
4,0,66254
1,0,66411
2,0,66411
3,0,66411
4,0,66411
1,0,66568
3,0,66568
4,0,66646
1,0,66725
2,0,66725
3,0,66803
1,0,66882
2,0,66882
4,0,66882
1,0,67039
2,0,67039
3,0,67039
4,0,67039
3,0,67196
4,0,67196
2,0,67275
1,0,67353
4,0,67353
3,0,67406
2,0,67458
1,0,67510
3,0,67510
4,0,67510
1,0,67667
2,0,67667
3,0,67746
1,0,67824
2,0,67824
4,0,67824
3,0,67903
1,0,67981
4,0,67981
2,0,68060
1,0,68138
3,0,68138
4,0,68138
2,0,68296
3,0,68296
1,0,68453
2,0,68453
3,0,68453
4,0,68453
2,0,69081
3,0,69238
1,0,69395
2,0,69395
3,0,69474
4,0,69552
2,0,69631
3,0,69709
2,0,69866
3,0,70023
4,0,70023
2,0,70180
3,0,70337
4,0,70337
2,0,70416
1,0,70495
3,0,70573
1,0,70652
2,0,70652
1,0,70809
2,0,70966
3,0,70966
3,0,71123
1,0,71280
2,0,71280
1,0,71437
3,0,71437
4,0,71437
2,0,71515
1,0,71594
3,0,71594
4,0,71594
2,0,71751
4,0,71751
1,0,71908
2,0,71908
3,0,71987
4,0,71987
1,0,72065
2,0,72065
1,0,72222
3,0,72222
4,0,72222
1,0,72379
2,0,72379
3,0,72379
3,0,72536
4,0,72536
1,0,72693
2,0,72693
4,0,72693
3,0,72772
1,0,72851
2,0,72851
4,0,72851
1,0,73008
3,0,73008
3,0,73165
4,0,73165
1,0,73243
2,0,73243
3,0,73322
4,0,73322
1,0,73479
2,0,73479
4,0,73479
2,0,73636
3,0,73636
4,0,73636
1,0,73793
2,0,73793
1,0,73950
3,0,73950
4,0,73950
2,0,74029
1,0,74107
3,0,74107
4,0,74107
1,0,74264
2,0,74264
4,0,74264
3,0,74343
1,0,74421
2,0,74421
4,0,74421
3,0,74578
4,0,74578
1,0,74657
2,0,74657
3,0,74735
4,0,74735
2,0,74814
1,0,74892
4,0,74892
3,0,74971
1,0,75049
2,0,75049
4,0,75049
3,0,75128
1,0,75207
2,0,75207
3,0,75285
1,0,75364
2,0,75364
4,0,75364
3,0,75442
1,0,75521
4,0,75521
2,0,75599
1,0,75678
3,0,75678
4,0,75678
2,0,75756
3,0,75835
4,0,75835
2,0,75913
1,0,75992
3,0,75992
4,0,75992
2,0,76070
1,0,76149
4,0,76149
3,0,76227
1,0,76306
2,0,76306
4,0,76306
3,0,76385
2,0,76463
1,0,76542
3,0,76620
4,0,76620
2,0,76699
3,0,76777
4,0,76856
1,0,76934
2,0,76987
4,0,77039
3,0,77091
2,0,77144
1,0,77196
3,0,77248
4,0,77248
2,0,77301
3,0,77353
4,0,77406
1,0,77458
2,0,77510
1,0,77563
3,0,77563
4,0,77563
2,0,77720
4,0,77877
2,0,78034
3,0,78073
1,0,78348
3,0,78819
2,0,78858
4,0,78976
1,0,79133
3,0,79290
4,0,79330
2,0,79604
1,0,79919
4,0,79919
1,0,80233
2,0,80233
3,0,80233
4,0,80233
1,0,80390
2,0,80390
3,0,80390
4,0,80390
2,0,80704
3,0,80782
4,0,80861
2,0,80940
4,0,81018
3,0,81097
2,0,81175
4,0,81254
3,0,81332
4,0,81411
2,0,81489
3,0,81568
2,0,81646
4,0,81725
3,0,81803
2,0,81882
3,0,81960
4,0,81960
1,0,82039
2,0,82039
3,0,82118
1,0,82196
4,0,82196
2,0,82275
3,0,82275
1,0,82353
3,0,82432
4,0,82432
2,0,82510
1,0,82589
3,0,82589
4,0,82589
1,0,82824
2,0,82824
4,0,82824
3,0,82903
1,0,83060
3,0,83060
4,0,83060
1,0,83217
2,0,83217
4,0,83217
1,0,83453
3,0,83453
4,0,83453
2,0,83531
1,0,83688
2,0,83688
4,0,83688
2,0,83845
3,0,83845
4,0,83845
1,0,84081
2,0,84081
4,0,84081
3,0,84159
1,0,84317
3,0,84317
4,0,84317
1,0,84474
2,0,84474
4,0,84474
3,0,84552
1,0,84631
4,0,84631
2,0,84709
3,0,84788
4,0,84788
1,0,84866
2,0,84866
3,0,84945
4,0,84945
2,0,85023
1,0,85102
3,0,85102
4,0,85102
4,0,85259
1,0,85337
2,0,85337
3,0,85337
4,0,85416
2,0,85495
1,0,85573
3,0,85573
4,0,85573
1,0,85730
2,0,85730
4,0,85730
1,0,85887
2,0,85966
3,0,85966
4,0,85966
1,0,86044
3,0,86123
1,0,86201
2,0,86201
4,0,86201
1,0,86358
3,0,86358
4,0,86358
2,0,86515
1,0,86673
3,0,86673
4,0,86673
1,0,86987
2,0,86987
4,0,86987
3,0,87144
4,0,87144
1,0,87222
2,0,87222
3,0,87301
4,0,87301
2,0,87458
3,0,87458
1,0,87615
2,0,87615
3,0,87615
4,0,87615
4,0,87772
3,0,87851
2,0,87929
4,0,87929
1,0,88086
2,0,88086
3,0,88086
4,0,88086
1,0,88243
2,0,88322
1,0,88400
3,0,88400
1,0,88557
2,0,88557
3,0,88557
4,0,88557
1,0,88714
4,0,88793
1,0,88871
3,0,88871
1,0,89029
2,0,89029
3,0,89029
4,0,89029
4,0,89186
1,0,89264
2,0,89343
4,0,89343
1,0,89500
2,0,89500
3,0,89500
4,0,89500
1,0,89657
2,0,89735
1,0,89814
3,0,89814
4,0,89814
2,0,89892
3,0,89971
4,0,90049
1,0,90128
2,0,90128
4,0,90285
2,0,90442
3,0,90442
1,0,90599
2,0,90599
3,0,90599
4,0,90599
1,0,90913
2,0,90913
3,0,90992
1,0,91070
2,0,91070
4,0,91070
3,0,91149
1,0,91227
4,0,91227
2,0,91306
1,0,91385
3,0,91385
4,0,91385
1,0,91542
2,0,91594
3,0,91646
1,0,91699
2,0,91699
4,0,91699
3,0,91856
4,0,91856
2,0,91934
1,0,92013
3,0,92013
4,0,92013
1,0,92170
2,0,92170
3,0,92248
1,0,92327
2,0,92327
4,0,92327
3,0,92406
1,0,92484
4,0,92484
2,0,92563
1,0,92641
3,0,92641
4,0,92641
2,0,92798
3,0,92877
1,0,92955
2,0,92955
4,0,92955
3,0,93034
1,0,93112
2,0,93112
4,0,93112
3,0,93269
4,0,93269
2,0,93426
3,0,93426
4,0,93426
1,0,93584
2,0,93584
1,0,93741
2,0,93741
3,0,93819
1,0,93898
2,0,93898
4,0,93898
3,0,94055
2,0,94133
1,0,94212
3,0,94212
4,0,94212
2,0,94290
1,0,94369
3,0,94369
4,0,94369
1,0,94526
2,0,94526
1,0,94683
2,0,94683
3,0,94683
3,0,94840
4,0,94840
3,0,94997
4,0,94997
2,0,95076
1,0,95154
3,0,95154
4,0,95154
1,0,95311
2,0,95311
3,0,95390
1,0,95468
2,0,95468
4,0,95468
1,0,95625
2,0,95625
3,0,95782
4,0,95782
1,0,95861
3,0,95940
4,0,95940
2,0,96018
1,0,96097
3,0,96097
4,0,96097
2,0,96175
1,0,96254
4,0,96254
3,0,96332
1,0,96411
2,0,96411
4,0,96489
1,0,96568
2,0,96568
3,0,96646
1,0,96725
2,0,96725
4,0,96725
3,0,96803
1,0,96882
2,0,96921
3,0,96960
4,0,97000
1,0,97039
2,0,97039
4,0,97118
3,0,97196
2,0,97248
3,0,97301
1,0,97353
2,0,97353
4,0,97353
1,0,97510
3,0,97510
1,0,97667
2,0,97667
3,0,97667
4,0,97667
1,0,97824
2,0,97903
1,0,97981
3,0,97981
1,0,98138
2,0,98138
3,0,98138
4,0,98138
4,0,98296
3,0,98374
2,0,98453
4,0,98453
1,0,98610
2,0,98610
3,0,98610
4,0,98610
4,0,98767
1,0,98845
2,0,98924
4,0,98924
1,0,99081
2,0,99081
3,0,99081
4,0,99081
1,0,99238
4,0,99317
1,0,99395
3,0,99395
1,0,99552
4,0,99552
2,0,99631
3,0,99709
4,0,99709
1,0,99748
2,0,99788
3,0,99827
1,0,99866
4,0,99866
2,0,99945
3,0,100023
4,0,100023
1,0,100102
2,0,100102
3,0,100180
4,0,100180
1,0,100337
2,0,100495
3,0,100495
1,0,100652
2,0,100652
3,0,100652
4,0,100652
3,0,100966
4,0,100966
2,0,101044
1,0,101123
3,0,101123
4,0,101123
2,0,101201
1,0,101280
4,0,101280
3,0,101358
1,0,101437
2,0,101437
4,0,101437
1,0,101646
3,0,101646
4,0,101646
1,0,101856
2,0,101856
3,0,101856
1,0,102065
3,0,102065
4,0,102065
1,0,102275
2,0,102275
4,0,102275
1,0,102484
3,0,102484
4,0,102484
2,0,102693
4,0,102693
1,0,103008
3,0,103008
4,0,103008
2,0,103086
1,0,103165
3,0,103165
4,0,103165
1,0,103322
2,0,103322
1,0,103479
2,0,103479
3,0,103479
3,0,103636
4,0,103636
3,0,103793
4,0,103793
2,0,103871
1,0,103950
3,0,103950
4,0,103950
2,0,104107
3,0,104186
1,0,104264
2,0,104264
4,0,104264
3,0,104343
1,0,104421
2,0,104421
4,0,104421
3,0,104578
4,0,104578
2,0,104735
3,0,104735
4,0,104735
1,0,104892
2,0,104892
1,0,105049
2,0,105049
3,0,105128
4,0,105128
1,0,105207
2,0,105207
4,0,105207
1,0,105364
3,0,105364
2,0,105521
3,0,105521
4,0,105521
1,0,105678
3,0,105678
2,0,105756
4,0,105756
1,0,105835
3,0,105835
3,0,105992
4,0,105992
1,0,106070
2,0,106070
3,0,106149
4,0,106149
2,0,106227
1,0,106306
4,0,106306
3,0,106385
1,0,106463
2,0,106463
4,0,106463
3,0,106542
1,0,106620
4,0,106620
2,0,106699
1,0,106777
3,0,106777
4,0,106777
2,0,106856
3,0,106934
4,0,106934
2,0,107013
1,0,107091
4,0,107091
3,0,107131
2,0,107170
1,0,107209
3,0,107248
4,0,107248
2,0,107327
1,0,107406
3,0,107406
4,0,107406
2,0,107563
4,0,107563
1,0,107720
2,0,107720
3,0,107720
4,0,107720
1,0,107877
2,0,107955
1,0,108034
3,0,108034
1,0,108191
2,0,108191
3,0,108191
4,0,108191
4,0,108348
3,0,108426
2,0,108505
4,0,108505
1,0,108662
2,0,108662
3,0,108662
4,0,108662
4,0,108819
1,0,108898
2,0,108976
4,0,108976
1,0,109133
2,0,109133
3,0,109133
4,0,109133
1,0,109290
4,0,109369
1,0,109447
3,0,109447
1,0,109604
2,0,109604
4,0,109604
3,0,109683
1,0,109762
2,0,109801
3,0,109840
4,0,109879
1,0,109919
2,0,109919
3,0,109997
1,0,110076
4,0,110076
2,0,110154
3,0,110154
1,0,110233
4,0,110233
2,0,110390
3,0,110468
1,0,110547
2,0,110547
4,0,110547
3,0,110625
1,0,110704
2,0,110704
4,0,110704
3,0,111018
4,0,111018
2,0,111097
1,0,111175
3,0,111175
4,0,111175
2,0,111254
3,0,111332
4,0,111332
1,0,111411
2,0,111411
1,0,111489
3,0,111489
4,0,111489
4,0,111646
3,0,111699
2,0,111751
1,0,111803
4,0,111856
3,0,111908
1,0,111960
2,0,112013
3,0,112065
1,0,112118
2,0,112118
4,0,112118
3,0,112275
4,0,112275
2,0,112353
1,0,112432
3,0,112432
4,0,112432
2,0,112510
1,0,112589
4,0,112589
3,0,112667
1,0,112746
2,0,112746
4,0,112746
3,0,112903
2,0,112981
1,0,113060
3,0,113060
4,0,113060
2,0,113138
1,0,113217
3,0,113217
4,0,113217
1,0,113374
2,0,113374
1,0,113531
2,0,113531
3,0,113531
3,0,113688
4,0,113688
3,0,113845
2,0,113924
1,0,114002
3,0,114002
4,0,114002
2,0,114159
3,0,114238
1,0,114317
2,0,114317
4,0,114317
3,0,114395
1,0,114474
2,0,114474
4,0,114474
3,0,114631
4,0,114631
2,0,114788
3,0,114788
4,0,114788
1,0,114945
2,0,114945
1,0,115102
2,0,115102
3,0,115180
4,0,115180
1,0,115259
2,0,115259
4,0,115259
3,0,115416
4,0,115416
2,0,115495
1,0,115573
3,0,115573
4,0,115573
3,0,115730
4,0,115730
1,0,115887
2,0,115887
4,0,115966
1,0,116044
2,0,116044
3,0,116123
1,0,116201
2,0,116201
4,0,116201
3,0,116280
1,0,116358
4,0,116358
2,0,116437
3,0,116515
4,0,116515
1,0,116594
3,0,116673
4,0,116673
2,0,116751
1,0,116830
3,0,116830
4,0,116830
2,0,116908
3,0,116987
4,0,116987
1,0,117065
2,0,117065
3,0,117144
4,0,117144
1,0,117183
2,0,117222
3,0,117262
1,0,117301
4,0,117301
2,0,117379
1,0,117458
3,0,117458
4,0,117458
2,0,117615
4,0,117615
1,0,117772
2,0,117772
3,0,117772
4,0,117772
3,0,117929
2,0,118008
1,0,118086
3,0,118086
4,0,118086
1,0,118243
2,0,118243
3,0,118243
4,0,118243
2,0,118400
3,0,118479
1,0,118557
2,0,118557
4,0,118557
1,0,118714
2,0,118714
3,0,118714
4,0,118714
3,0,118871
2,0,118950
1,0,119029
3,0,119029
4,0,119029
1,0,119186
2,0,119186
4,0,119225
3,0,119264
2,0,119303
1,0,119343
3,0,119343
4,0,119343
2,0,119421
3,0,119500
4,0,119500
2,0,119578
1,0,119657
3,0,119657
4,0,119657
2,0,119814
1,0,119892
3,0,119892
4,0,119892
2,0,119971
3,0,120049
1,0,120128
4,0,120128
2,0,120167
3,0,120207
4,0,120246
1,0,120285
2,0,120285
4,0,120442
3,0,120521
1,0,120599
2,0,120599
4,0,120599
3,0,120678
1,0,120756
2,0,120756
4,0,120756
1,0,121070
2,0,121070
3,0,121149
1,0,121227
2,0,121227
4,0,121227
3,0,121306
1,0,121385
4,0,121385
2,0,121463
1,0,121542
3,0,121542
4,0,121542
1,0,121751
2,0,121751
4,0,121751
2,0,121960
3,0,121960
4,0,121960
1,0,122170
2,0,122170
3,0,122170
1,0,122379
3,0,122379
4,0,122379
1,0,122589
2,0,122589
4,0,122589
1,0,122798
2,0,122798
3,0,122798
1,0,123112
2,0,123112
4,0,123112
3,0,123191
1,0,123269
2,0,123269
4,0,123269
3,0,123426
4,0,123426
2,0,123584
3,0,123584
4,0,123584
1,0,123741
2,0,123741
1,0,123898
2,0,123898
3,0,123976
4,0,123976
1,0,124055
2,0,124055
4,0,124055
3,0,124212
2,0,124290
1,0,124369
3,0,124369
4,0,124369
2,0,124447
1,0,124526
3,0,124526
4,0,124526
1,0,124683
2,0,124683
1,0,124840
2,0,124840
3,0,124840
3,0,124997
4,0,124997
3,0,125154
4,0,125154
1,0,125233
2,0,125233
1,0,125311
3,0,125311
4,0,125311
2,0,125468
1,0,125625
2,0,125625
3,0,125625
4,0,125625
3,0,125782
4,0,125782
2,0,125861
1,0,125940
3,0,125940
4,0,125940
1,0,126097
2,0,126097
3,0,126175
1,0,126254
2,0,126254
4,0,126254
3,0,126332
1,0,126411
4,0,126411
2,0,126489
1,0,126568
3,0,126568
4,0,126568
2,0,126646
1,0,126725
4,0,126725
3,0,126803
1,0,126882
2,0,126882
4,0,126882
3,0,126960
1,0,127039
2,0,127039
3,0,127118
1,0,127196
2,0,127196
4,0,127196
3,0,127353
4,0,127353
1,0,127432
2,0,127432
1,0,127510
3,0,127510
4,0,127510
3,0,127667
4,0,127667
1,0,127824
2,0,127824
3,0,127824
4,0,127824
1,0,127981
2,0,127981
2,0,128138
3,0,128138
1,0,128453
3,0,128453
1,0,128610
2,0,128610
2,0,128924
3,0,128924
1,0,129238
3,0,129317
1,0,129395
2,0,129395
2,0,129552
3,0,129552
1,0,129709
2,0,129709
3,0,129709
1,0,129866
3,0,129866
1,0,130180
2,0,130180
3,0,130180
1,0,130495
2,0,130495
3,0,130652
4,0,130652
1,0,130730
2,0,130730
3,0,130809
4,0,130809
2,0,130887
1,0,130966
3,0,130966
4,0,130966
1,0,131280
2,0,131280
4,0,131280
3,0,131358
1,0,131437
4,0,131437
2,0,131515
1,0,131594
3,0,131594
4,0,131594
2,0,131672
3,0,131751
4,0,131751
2,0,131829
1,0,131908
3,0,131908
4,0,131908
1,0,132144
2,0,132144
4,0,132144
3,0,132222
2,0,132301
1,0,132379
3,0,132379
4,0,132379
2,0,132458
3,0,132536
1,0,132615
2,0,132615
4,0,132615
3,0,132693
2,0,132772
1,0,132850
3,0,132850
4,0,132850
2,0,132929
3,0,133007
1,0,133086
2,0,133086
4,0,133086
1,0,133164
2,0,133164
3,0,133243
1,0,133322
2,0,133322
4,0,133322
3,0,133400
1,0,133479
2,0,133479
4,0,133479
3,0,133557
1,0,133636
2,0,133636
3,0,133714
4,0,133714
1,0,133793
2,0,133793
4,0,133832
3,0,133871
1,0,133911
2,0,133950
4,0,133950
3,0,134028
2,0,134107
1,0,134107
4,0,134185
3,0,134185
1,0,134264
2,0,134303
3,0,134342
4,0,134382
1,0,134735
2,0,134735
3,0,134735
4,0,134735
4,0,135206
3,0,135285
2,0,135363
3,0,135520
4,0,135678
2,0,135756
3,0,135835
4,0,135913
4,0,136424
3,0,136620
4,0,136856
2,0,137052
3,0,137268
4,0,137503
