1,0,1631
4,0,2059
3,0,2488
1,0,2916
2,0,3345
4,0,3773
1,0,3988
3,0,4202
2,0,4631
4,0,4631
3,0,5059
1,0,5059
2,0,5488
3,0,5916
2,0,6345
4,0,6773
1,0,7202
4,0,7631
3,0,7631
3,0,8059
2,0,8059
2,0,8488
1,0,8488
4,0,8916
3,0,9345
1,0,9773
4,0,10202
2,0,10631
1,0,10845
3,0,11059
4,0,11488
3,0,11916
1,0,11916
2,0,12345
4,0,12559
3,0,12773
1,0,13202
3,0,13631
2,0,13738
3,0,13845
1,0,14059
4,0,14488
3,0,14916
1,0,15345
4,0,15773
3,0,16202
1,0,16631
2,0,17059
4,0,17488
2,0,17916
3,0,18345
2,0,18773
3,0,19202
4,0,19416
1,0,19631
3,0,20059
2,0,20488
4,0,20916
1,0,21345
2,0,21773
3,0,22202
2,0,22631
3,0,22845
4,0,23273
3,0,23488
2,0,23916
3,0,24374
4,0,24374
2,0,24832
1,0,25300
2,0,25767
4,0,26267
1,0,26517
3,0,26767
2,0,27267
1,0,27767
3,0,28312
4,0,28857
1,0,29412
3,0,29963
2,0,30014
3,0,30079
4,0,30176
3,0,33693
4,0,33693
2,0,33693
1,0,33839
2,0,33985
4,0,33985
1,0,34132
2,0,34278
3,0,34278
1,0,34424
2,0,34571
4,0,34571
1,0,34717
2,0,34863
3,0,34863
4,0,35010
3,0,35156
1,0,35156
4,0,35302
2,0,35449
1,0,35449
4,0,35595
3,0,35741
1,0,35741
2,0,35741
4,0,35888
2,0,36034
3,0,36034
1,0,36034
4,0,36180
1,0,36327
3,0,36327
4,0,36473
2,0,36619
3,0,36619
4,0,36766
3,0,36912
1,0,36912
4,0,37058
2,0,37205
3,0,37205
1,0,37351
2,0,37497
4,0,37497
1,0,37644
3,0,37790
4,0,37790
1,0,37936
4,0,38083
3,0,38083
2,0,38083
1,0,38229
2,0,38375
1,0,40717
2,0,40717
3,0,40790
4,0,40863
2,0,40936
3,0,41010
1,0,41083
2,0,41156
3,0,41229
4,0,41302
1,0,41302
2,0,41302
3,0,41449
4,0,41449
2,0,41522
1,0,41522
3,0,41595
4,0,41595
2,0,41668
1,0,41668
3,0,41741
4,0,41741
2,0,41814
1,0,41814
3,0,41888
4,0,41961
1,0,42034
2,0,42107
3,0,42180
2,0,42253
4,0,42253
1,0,42327
4,0,42400
3,0,42473
1,0,42473
2,0,42546
3,0,42619
4,0,42692
2,0,42692
1,0,42766
2,0,42839
3,0,42912
4,0,42985
3,0,43058
2,0,43058
1,0,43058
4,0,43205
1,0,43351
3,0,43351
4,0,43497
2,0,43644
3,0,43644
4,0,43790
3,0,43936
1,0,43936
4,0,44083
2,0,44229
3,0,44229
1,0,44375
2,0,44522
4,0,44522
1,0,44668
4,0,44814
3,0,44814
1,0,44961
3,0,45107
4,0,45107
2,0,45107
1,0,45253
4,0,45400
2,0,45400
3,0,45400
1,0,45546
2,0,45692
4,0,45692
1,0,45839
2,0,45985
3,0,45985
1,0,46132
2,0,46278
4,0,46278
1,0,46424
3,0,46571
2,0,46571
4,0,46717
3,0,46863
1,0,46863
4,0,47010
1,0,47156
2,0,47156
4,0,47302
3,0,47449
1,0,47449
2,0,47449
4,0,47595
1,0,47741
2,0,47741
3,0,47741
4,0,47888
3,0,48034
1,0,48034
4,0,48180
3,0,48327
2,0,48327
4,0,48473
1,0,48619
3,0,48619
4,0,48766
2,0,48912
3,0,48912
1,0,49058
4,0,49205
2,0,49205
1,0,49351
4,0,49497
3,0,49497
1,0,49644
2,0,49790
3,0,49790
1,0,49936
4,0,50083
2,0,50083
3,0,50083
1,0,50375
2,0,50449
3,0,50522
4,0,50595
2,0,50668
1,0,50668
3,0,50961
4,0,51034
2,0,51107
3,0,51180
1,0,51253
4,0,51253
2,0,51253
3,0,51351
2,0,51449
4,0,51546
1,0,51546
2,0,51741
1,0,51741
3,0,51839
4,0,51839
2,0,51936
1,0,52034
3,0,52132
4,0,52132
2,0,52229
3,0,52327
2,0,52424
1,0,52424
4,0,52424
3,0,52571
2,0,52571
4,0,52717
2,0,52863
1,0,52863
3,0,53010
2,0,53083
3,0,53156
4,0,53156
1,0,53302
2,0,53449
4,0,53449
3,0,53595
1,0,53741
2,0,53741
4,0,53888
3,0,54034
1,0,54034
2,0,54253
4,0,54327
3,0,54327
1,0,54473
4,0,54619
2,0,54619
3,0,54766
2,0,54912
1,0,54912
4,0,55058
3,0,55205
1,0,55205
2,0,55351
3,0,55424
4,0,55497
1,0,55497
2,0,55644
3,0,55790
4,0,55790
2,0,55936
1,0,56083
3,0,56083
4,0,56229
2,0,56375
1,0,56375
4,0,56595
3,0,56668
2,0,56668
1,0,56814
2,0,56961
4,0,56961
3,0,57107
4,0,57107
1,0,57107
2,0,57253
1,0,57253
3,0,57400
4,0,57546
1,0,57546
3,0,57692
2,0,57766
3,0,57839
4,0,57839
1,0,57985
2,0,58132
3,0,58132
3,0,58278
1,0,58278
4,0,58278
2,0,58424
4,0,58424
3,0,58571
2,0,58717
1,0,58717
4,0,58936
2,0,59010
3,0,59010
1,0,59156
2,0,59302
4,0,59302
3,0,59449
1,0,59595
2,0,59595
4,0,59595
3,0,59741
2,0,59888
1,0,59888
3,0,60034
4,0,60034
1,0,60107
2,0,60180
3,0,60180
4,0,60253
2,0,60327
1,0,60327
3,0,60400
4,0,60473
2,0,60473
1,0,60546
3,0,60692
4,0,60766
2,0,60766
3,0,60839
1,0,60839
2,0,60912
4,0,60912
3,0,60985
1,0,60985
2,0,61058
1,0,61132
3,0,61205
4,0,61278
2,0,61351
3,0,61424
1,0,61497
2,0,61497
3,0,61644
2,0,61717
1,0,61790
4,0,61790
2,0,61936
4,0,61936
3,0,62083
2,0,62229
1,0,62229
4,0,62375
3,0,62449
4,0,62522
2,0,62522
1,0,62668
2,0,62814
3,0,62814
4,0,62961
1,0,63107
3,0,63107
2,0,63253
3,0,63400
4,0,63400
2,0,63546
3,0,63619
2,0,63692
1,0,63692
4,0,63692
3,0,63839
2,0,63912
3,0,63985
4,0,63985
2,0,64058
1,0,64058
4,0,64132
3,0,64278
1,0,64278
2,0,64424
3,0,64571
4,0,64571
1,0,64717
2,0,64790
1,0,64863
3,0,64863
4,0,65010
3,0,65156
2,0,65156
1,0,65302
2,0,65375
3,0,65449
4,0,65522
3,0,65595
2,0,65595
1,0,65595
4,0,65741
3,0,65814
2,0,65888
1,0,65888
3,0,65961
4,0,65961
2,0,66034
1,0,66107
3,0,66180
4,0,66180
2,0,66180
1,0,66327
3,0,66473
2,0,66546
4,0,66619
1,0,66692
3,0,66766
4,0,66839
1,0,66912
2,0,66912
3,0,66985
4,0,66985
2,0,67058
1,0,67058
3,0,67132
4,0,67132
2,0,67205
1,0,67278
4,0,67351
3,0,67424
2,0,67497
1,0,67571
3,0,67644
4,0,67717
2,0,67790
1,0,67790
3,0,67863
4,0,67863
1,0,67936
2,0,68010
3,0,68083
4,0,68156
2,0,68229
1,0,68302
3,0,68375
2,0,68449
4,0,68522
3,0,68522
1,0,68522
2,0,68814
1,0,68814
3,0,71156
4,0,71156
1,0,73497
2,0,73497
3,0,74668
4,0,74668
3,0,75400
4,0,75400
4,0,75546
3,0,75546
4,0,75692
3,0,75692
4,0,75839
3,0,75912
2,0,75985
1,0,76058
3,0,76132
4,0,76205
2,0,76278
3,0,76351
2,0,76424
4,0,76424
3,0,76497
1,0,76497
2,0,76571
3,0,76644
4,0,76717
2,0,76790
1,0,76863
3,0,76936
2,0,77010
4,0,77010
1,0,77083
4,0,77156
1,0,77229
3,0,77302
4,0,77302
2,0,77375
3,0,77449
2,0,77522
3,0,77595
4,0,77595
1,0,77668
3,0,77741
1,0,77814
4,0,77888
2,0,77888
1,0,77961
4,0,78034
1,0,78107
2,0,78180
4,0,78180
3,0,78180
1,0,78253
2,0,78327
3,0,78400
4,0,78473
1,0,78473
2,0,78546
3,0,78619
1,0,78692
2,0,78766
4,0,78766
3,0,78839
2,0,78912
1,0,78985
4,0,79058
3,0,79058
2,0,79132
1,0,79205
4,0,79278
3,0,79351
1,0,79351
2,0,79424
4,0,79497
3,0,79571
2,0,79644
1,0,79644
3,0,79717
4,0,79790
2,0,79863
1,0,79936
3,0,79936
4,0,80010
2,0,80083
3,0,80156
1,0,80229
4,0,80229
2,0,80229
3,0,80302
1,0,80375
2,0,80449
3,0,80522
1,0,80522
4,0,80522
2,0,80595
3,0,80668
1,0,80741
2,0,80814
4,0,80814
3,0,80888
1,0,80961
2,0,81034
4,0,81107
3,0,81107
1,0,81180
2,0,81253
4,0,81327
1,0,81400
3,0,81400
2,0,81473
3,0,81546
4,0,81619
1,0,81692
2,0,81692
3,0,81766
2,0,81839
1,0,81912
3,0,81985
4,0,81985
2,0,82058
3,0,82132
4,0,82132
2,0,82205
3,0,82278
4,0,82278
1,0,82351
2,0,82424
3,0,82497
4,0,82571
2,0,82571
1,0,82644
3,0,82717
2,0,82790
3,0,82863
1,0,82863
4,0,82863
2,0,82936
1,0,83010
4,0,83083
3,0,83156
1,0,83156
2,0,83229
4,0,83302
3,0,83375
2,0,83449
1,0,83449
4,0,83522
3,0,83595
2,0,83668
4,0,83741
1,0,83741
2,0,83814
3,0,83888
4,0,83961
2,0,84034
1,0,84034
3,0,84107
4,0,84180
1,0,84180
3,0,84253
1,0,84327
2,0,84327
4,0,84400
3,0,84473
2,0,84546
4,0,84619
1,0,84619
3,0,84692
2,0,84692
4,0,84766
1,0,84766
2,0,84839
3,0,84912
4,0,84912
1,0,84912
4,0,85205
3,0,85205
1,0,85205
2,0,85351
2,0,85497
3,0,85644
4,0,85644
1,0,85790
1,0,85936
2,0,86083
4,0,86083
3,0,86229
3,0,86375
2,0,86522
1,0,86522
4,0,86668
4,0,86814
3,0,86961
1,0,86961
2,0,87107
4,0,87253
3,0,87327
4,0,87400
3,0,87473
2,0,87546
1,0,87546
4,0,87546
3,0,87692
1,0,87692
2,0,87839
1,0,87912
3,0,87985
4,0,87985
1,0,88132
2,0,88278
4,0,88278
3,0,88424
3,0,88571
1,0,88571
1,0,88717
2,0,88863
4,0,88863
3,0,89010
2,0,89156
1,0,89156
4,0,89156
3,0,89302
2,0,89449
1,0,89449
4,0,89595
4,0,89741
2,0,89741
2,0,89888
1,0,90034
3,0,90034
2,0,90180
3,0,90253
4,0,90327
1,0,90327
2,0,90473
3,0,90619
4,0,90619
1,0,90766
1,0,90912
4,0,90912
4,0,91058
2,0,91205
1,0,91205
3,0,91351
4,0,91351
3,0,91497
1,0,91497
2,0,91644
3,0,91790
4,0,91790
3,0,91936
1,0,92010
4,0,92083
2,0,92083
1,0,92229
3,0,92229
4,0,92229
2,0,92375
1,0,92375
3,0,92522
1,0,92595
2,0,92668
4,0,92668
1,0,92814
3,0,92961
4,0,92961
2,0,93107
2,0,93253
4,0,93253
4,0,93400
2,0,93546
1,0,93546
4,0,93692
3,0,93839
1,0,93839
2,0,93985
3,0,94132
4,0,94132
1,0,94278
1,0,94424
3,0,94424
3,0,94571
2,0,94717
1,0,94717
3,0,94863
2,0,94936
3,0,95010
4,0,95010
1,0,95156
2,0,95302
4,0,95302
3,0,95449
3,0,95595
1,0,95595
1,0,95741
2,0,95814
4,0,95888
3,0,95961
2,0,96034
1,0,96034
4,0,96034
3,0,96180
2,0,96253
4,0,96327
1,0,96327
2,0,96473
3,0,96546
4,0,96619
1,0,96619
2,0,96619
3,0,96766
2,0,96912
3,0,96912
1,0,96912
4,0,97058
1,0,97058
2,0,97205
3,0,97278
4,0,97351
1,0,97351
3,0,97497
2,0,97644
1,0,97644
3,0,97790
3,0,97936
1,0,97936
1,0,98083
4,0,98229
3,0,98229
1,0,98375
2,0,98522
4,0,98522
3,0,98668
2,0,98814
1,0,98814
4,0,98961
2,0,99107
4,0,99107
2,0,99253
3,0,99400
1,0,99400
4,0,99546
3,0,99619
2,0,99692
1,0,99692
4,0,99839
3,0,99985
1,0,99985
4,0,100132
1,0,100278
4,0,100278
1,0,100424
4,0,100571
3,0,100571
2,0,100717
1,0,100717
4,0,100863
2,0,100863
3,0,101010
2,0,101156
1,0,101156
2,0,101302
4,0,101375
3,0,101449
1,0,101449
1,0,101595
4,0,101595
2,0,101595
3,0,101741
4,0,101741
2,0,101888
3,0,101961
2,0,102034
1,0,102034
4,0,102180
3,0,102327
1,0,102327
2,0,102473
2,0,102619
4,0,102619
4,0,102766
2,0,102912
3,0,102912
4,0,103058
3,0,103205
1,0,103205
2,0,103278
3,0,103351
2,0,103424
1,0,103497
4,0,103497
4,0,103644
3,0,103717
2,0,103790
1,0,103790
3,0,103936
4,0,103936
2,0,104010
1,0,104083
3,0,104083
4,0,104156
2,0,104229
1,0,104229
3,0,104302
4,0,104375
2,0,104375
1,0,104449
3,0,104522
4,0,104522
2,0,104595
1,0,104595
3,0,104668
4,0,104668
2,0,104741
1,0,104741
3,0,104814
4,0,104888
1,0,104961
2,0,105034
3,0,105107
4,0,105107
2,0,105253
4,0,105253
3,0,105400
1,0,105400
2,0,105473
3,0,105546
4,0,105619
2,0,105692
1,0,105692
3,0,105766
4,0,105839
2,0,105912
4,0,105985
3,0,105985
2,0,106058
1,0,106132
3,0,106205
2,0,106278
1,0,106278
4,0,106278
3,0,106571
1,0,106571
2,0,106863
2,0,107010
2,0,107156
3,0,107156
3,0,107449
1,0,107449
2,0,107741
4,0,107741
2,0,107888
3,0,108180
3,0,108327
1,0,108327
2,0,108619
2,0,108912
4,0,108912
3,0,109205
3,0,109351
3,0,109497
4,0,109497
2,0,109790
2,0,109936
2,0,110083
3,0,110083
4,0,110229
4,0,110375
1,0,110375
2,0,110522
2,0,110668
4,0,110668
1,0,110961
2,0,110961
3,0,110961
1,0,111253
3,0,111253
4,0,111546
4,0,111692
4,0,111839
2,0,111839
1,0,112132
3,0,112132
4,0,112132
2,0,112424
3,0,112424
1,0,112571
1,0,112717
4,0,112717
3,0,112863
3,0,113010
1,0,113010
2,0,113302
4,0,113302
3,0,113302
1,0,113595
4,0,113595
2,0,113888
3,0,114034
1,0,114180
3,0,114180
2,0,114327
3,0,114473
2,0,114473
4,0,114619
1,0,114766
4,0,114766
2,0,114912
2,0,115058
3,0,115132
1,0,115205
2,0,115278
4,0,115351
3,0,115351
3,0,115497
1,0,115644
2,0,115644
4,0,115644
3,0,115936
1,0,115936
4,0,116229
4,0,116375
4,0,116522
2,0,116522
3,0,116814
3,0,117107
2,0,117107
2,0,117253
4,0,117546
4,0,117692
1,0,117692
2,0,117985
3,0,118278
4,0,118278
2,0,118571
3,0,118717
2,0,118863
3,0,118863
1,0,119156
1,0,119302
1,0,119449
3,0,119449
4,0,119595
3,0,119741
2,0,119741
4,0,119888
2,0,120034
4,0,120034
4,0,120327
3,0,120327
1,0,120327
2,0,120619
1,0,120619
3,0,120912
3,0,121058
3,0,121205
1,0,121205
2,0,121497
4,0,121497
1,0,121497
2,0,121790
3,0,121790
2,0,121936
4,0,122229
4,0,122375
1,0,122375
3,0,122668
2,0,122668
1,0,122668
4,0,122961
2,0,122961
3,0,123253
2,0,123400
2,0,123546
1,0,123546
3,0,123692
4,0,123692
1,0,123692
2,0,123985
1,0,123985
3,0,124058
4,0,124058
2,0,124132
3,0,124424
4,0,124424
2,0,124571
4,0,124717
2,0,124717
1,0,124863
4,0,124863
3,0,124863
2,0,125010
1,0,125010
3,0,125010
4,0,125302
2,0,125302
3,0,125595
3,0,125741
3,0,125888
2,0,125888
1,0,126034
4,0,126180
1,0,126180
3,0,126327
3,0,126473
1,0,126473
2,0,126619
2,0,126766
4,0,126766
3,0,126912
2,0,126985
1,0,127058
4,0,127058
3,0,127205
2,0,127351
3,0,127351
1,0,127351
4,0,127644
2,0,127644
1,0,127936
1,0,128083
3,0,128229
1,0,128229
3,0,128375
2,0,128668
2,0,128814
4,0,128814
3,0,129107
4,0,129180
1,0,129253
2,0,129327
3,0,129400
4,0,129400
1,0,129692
2,0,129692
4,0,129692
3,0,129985
1,0,129985
4,0,130278
4,0,130424
4,0,130571
1,0,130571
1,0,130717
2,0,130863
3,0,130863
4,0,130863
1,0,131010
1,0,131156
3,0,131156
3,0,131302
2,0,131449
1,0,131449
2,0,131595
3,0,131668
1,0,131741
4,0,131741
4,0,131888
3,0,132034
2,0,132034
1,0,132034
4,0,132327
2,0,132327
3,0,132619
3,0,132766
3,0,132912
2,0,132912
1,0,133058
2,0,133058
4,0,133058
3,0,133351
2,0,133424
3,0,133497
4,0,133497
4,0,133790
1,0,133790
2,0,133863
3,0,133936
4,0,133936
2,0,134083
1,0,134083
3,0,134083
4,0,134156
1,0,134229
2,0,134302
3,0,134375
4,0,134375
1,0,134375
2,0,134522
4,0,134522
3,0,134668
2,0,134741
1,0,134814
3,0,134814
2,0,135034
3,0,135107
4,0,135107
1,0,135253
2,0,135400
3,0,135400
4,0,135546
1,0,135692
2,0,135692
3,0,135839
2,0,135985
4,0,135985
1,0,136132
2,0,136205
3,0,136278
4,0,136278
1,0,136424
2,0,136571
4,0,136571
3,0,136717
2,0,136863
1,0,136863
4,0,137010
3,0,137156
1,0,137156
2,0,137302
3,0,137375
4,0,137449
1,0,137449
3,0,137595
2,0,137741
4,0,137741
1,0,137888
3,0,138034
4,0,138034
2,0,138180
3,0,138327
1,0,138327
4,0,138473
3,0,138546
4,0,138619
2,0,138619
1,0,138766
2,0,138839
3,0,138912
4,0,138912
1,0,138912
2,0,139058
3,0,139058
4,0,139058
1,0,139205
2,0,139205
3,0,139351
2,0,139497
4,0,139497
1,0,139644
3,0,139790
4,0,139790
2,0,139936
1,0,139936
4,0,139936
3,0,140083
1,0,140083
2,0,140083
4,0,140229
1,0,140375
3,0,140375
2,0,140522
3,0,140668
4,0,140668
1,0,140814
2,0,140814
3,0,140888
4,0,140961
2,0,140961
1,0,141034
3,0,141107
4,0,141107
2,0,141180
1,0,141253
4,0,141253
3,0,141327
2,0,141400
1,0,141400
3,0,141473
4,0,141473
2,0,141546
1,0,141546
3,0,141619
4,0,141619
2,0,141692
1,0,141692
3,0,141766
4,0,141766
2,0,141839
1,0,141839
3,0,141912
4,0,141912
2,0,141985
1,0,141985
3,0,142058
4,0,142058
2,0,142132
1,0,142132
3,0,142205
4,0,142205
2,0,142278
1,0,142351
3,0,142424
2,0,142497
1,0,142571
4,0,142571
3,0,142644
2,0,142717
4,0,142717
3,0,142790
1,0,142790
2,0,142863
4,0,142863
1,0,142936
3,0,143010
2,0,143083
3,0,143156
4,0,143156
2,0,143229
1,0,143229
3,0,143302
4,0,143302
2,0,143375
1,0,143375
3,0,143449
4,0,143449
2,0,143522
1,0,143522
3,0,143595
4,0,143595
2,0,143668
1,0,143668
3,0,143741
4,0,143741
2,0,143814
1,0,143888
3,0,143888
4,0,143961
2,0,144034
1,0,144034
3,0,144107
4,0,144180
1,0,144180
2,0,144253
3,0,144327
4,0,144327
2,0,144400
1,0,144473
3,0,144473
4,0,144546
2,0,144619
4,0,144692
3,0,144692
2,0,144766
3,0,144839
1,0,144912
4,0,144912
2,0,144985
3,0,145058
2,0,145132
4,0,145132
1,0,145205
3,0,145278
1,0,145351
2,0,145351
4,0,145424
3,0,145497
2,0,145497
1,0,145571
4,0,145644
3,0,145717
2,0,145790
1,0,145863
3,0,145936
4,0,146010
2,0,146083
3,0,146156
1,0,146229
2,0,146302
3,0,146375
4,0,146375
2,0,146449
1,0,146522
4,0,146595
3,0,146668
1,0,146668
2,0,146741
3,0,146814
4,0,146888
2,0,146961
1,0,146961
3,0,147034
2,0,147107
4,0,147107
1,0,147180
3,0,147253
4,0,147253
2,0,147327
1,0,147400
4,0,147473
2,0,147473
3,0,147546
4,0,147619
1,0,147692
2,0,147692
3,0,147766
2,0,147839
4,0,147839
1,0,147912
3,0,147985
4,0,147985
2,0,148058
1,0,148132
3,0,148205
4,0,148278
2,0,148351
3,0,148424
1,0,148424
4,0,148497
2,0,148571
1,0,148571
3,0,148644
4,0,148717
1,0,148717
2,0,148790
3,0,148863
4,0,148863
1,0,148936
2,0,149010
3,0,149010
4,0,149083
2,0,149156
1,0,149156
3,0,149229
4,0,149302
2,0,149302
1,0,149375
3,0,149449
4,0,149449
2,0,149522
1,0,149595
4,0,149595
3,0,149668
2,0,149741
1,0,149741
4,0,149814
2,0,149888
3,0,149888
1,0,149961
3,0,150034
4,0,150034
2,0,150107
1,0,150180
4,0,150180
3,0,150253
2,0,150327
1,0,150400
3,0,150473
4,0,150546
2,0,150619
1,0,150692
3,0,150766
4,0,150766
2,0,150839
1,0,150912
3,0,150912
4,0,150985
2,0,151058
1,0,151058
3,0,151132
4,0,151205
2,0,151205
1,0,151278
3,0,151351
4,0,151351
2,0,151424
1,0,151497
4,0,151497
3,0,151571
2,0,151644
1,0,151644
4,0,151717
2,0,151790
3,0,151790
1,0,151863
3,0,151936
4,0,151936
2,0,152010
1,0,152083
4,0,152083
3,0,152156
2,0,152229
1,0,152229
3,0,152302
2,0,152375
4,0,152375
1,0,152449
3,0,152522
4,0,152522
2,0,152595
3,0,152668
1,0,152741
2,0,152814
4,0,152888
3,0,152961
1,0,153034
2,0,153107
4,0,153107
3,0,153180
1,0,153253
2,0,153253
4,0,153327
3,0,153400
2,0,153400
1,0,153473
4,0,153546
3,0,153546
2,0,153619
3,0,153692
1,0,153692
4,0,153766
2,0,153839
1,0,153839
3,0,153912
4,0,153985
1,0,153985
2,0,154058
3,0,154132
4,0,154132
1,0,154205
2,0,154278
3,0,154278
4,0,154351
2,0,154424
1,0,154424
3,0,154497
1,0,154571
4,0,154571
2,0,154644
3,0,154717
4,0,154717
1,0,154790
2,0,154863
3,0,154863
4,0,154936
2,0,155010
1,0,155010
3,0,155083
4,0,155156
1,0,155156
2,0,155229
3,0,155302
4,0,155375
2,0,155449
3,0,155522
1,0,155595
2,0,155668
1,0,155741
3,0,155741
4,0,155814
2,0,155888
1,0,155888
3,0,155961
2,0,156034
4,0,156034
1,0,156107
3,0,156180
4,0,156180
2,0,156253
1,0,156327
4,0,156327
3,0,156400
2,0,156473
1,0,156473
4,0,156546
3,0,156619
2,0,156619
1,0,156692
3,0,156766
4,0,156766
2,0,156839
1,0,156912
3,0,156912
4,0,156985
2,0,157058
1,0,157058
3,0,157132
4,0,157205
1,0,157205
2,0,157278
3,0,157351
4,0,157424
2,0,157497
1,0,157571
3,0,157644
2,0,157717
4,0,157790
1,0,157790
3,0,157863
2,0,157936
1,0,157936
4,0,158010
3,0,158083
2,0,158083
1,0,158156
3,0,158229
4,0,158229
2,0,158302
3,0,158375
1,0,158375
4,0,158449
2,0,158522
1,0,158522
3,0,158595
4,0,158668
1,0,158668
2,0,158741
3,0,158814
4,0,158814
2,0,158888
1,0,158961
4,0,158961
3,0,159034
2,0,159107
1,0,159107
4,0,159180
3,0,159253
2,0,159253
1,0,159327
3,0,159400
4,0,159400
2,0,159473
1,0,159546
4,0,159546
3,0,159619
2,0,159692
1,0,159692
3,0,159766
1,0,159839
2,0,159839
3,0,159912
2,0,159985
1,0,159985
4,0,160058
1,0,160132
2,0,160132
3,0,160205
4,0,160205
2,0,160278
1,0,160278
3,0,160351
4,0,160351
2,0,160424
3,0,160497
4,0,160571
1,0,160571
3,0,160644
2,0,160644
4,0,160717
1,0,160717
2,0,160790
3,0,160863
4,0,160936
2,0,161010
1,0,161010
3,0,161083
4,0,161083
2,0,161156
1,0,161156
3,0,161229
2,0,161302
1,0,161302
4,0,161375
3,0,161449
2,0,161522
1,0,161595
4,0,161595
3,0,161595
2,0,161668
4,0,161741
3,0,161814
2,0,161888
4,0,161888
1,0,161888
3,0,161961
1,0,162034
2,0,162107
3,0,162180
4,0,162180
1,0,162253
2,0,162253
3,0,162327
4,0,162327
1,0,162400
2,0,162473
3,0,162473
4,0,162546
2,0,162619
1,0,162619
3,0,162692
2,0,162766
4,0,162839
3,0,162912
1,0,162912
2,0,162985
3,0,163058
1,0,163132
2,0,163205
4,0,163205
3,0,163278
2,0,163351
1,0,163424
4,0,163497
3,0,163497
2,0,163571
3,0,163644
1,0,163717
4,0,163790
2,0,163790
3,0,163863
2,0,163936
1,0,164010
3,0,164083
4,0,164083
2,0,164156
1,0,164229
4,0,164302
1,0,164375
3,0,164375
2,0,164449
3,0,164522
4,0,164595
1,0,164668
2,0,164668
3,0,164741
1,0,164814
2,0,164888
3,0,164961
4,0,164961
2,0,165034
1,0,165107
4,0,165180
2,0,165253
3,0,165253
1,0,165327
4,0,165400
3,0,165473
2,0,165546
1,0,165546
4,0,165619
3,0,165692
2,0,165766
1,0,165839
3,0,165839
4,0,165912
2,0,165985
3,0,166058
1,0,166132
2,0,166132
4,0,166205
3,0,166278
1,0,166351
2,0,166424
4,0,166424
3,0,166497
1,0,166571
2,0,166644
3,0,166717
4,0,166717
2,0,166790
1,0,166863
4,0,166936
1,0,167010
3,0,167010
2,0,167083
3,0,167156
4,0,167229
2,0,167302
1,0,167302
3,0,167375
2,0,167449
4,0,167522
3,0,167595
1,0,167595
2,0,167668
3,0,167741
4,0,167814
1,0,167888
2,0,167888
3,0,167961
4,0,168034
1,0,168107
2,0,168180
4,0,168180
3,0,168253
2,0,168327
1,0,168400
3,0,168473
4,0,168473
2,0,168546
4,0,168619
3,0,168692
1,0,168766
2,0,168766
3,0,168839
4,0,168912
1,0,168985
2,0,169058
3,0,169058
4,0,169132
1,0,169205
2,0,169278
4,0,169351
3,0,169351
1,0,169424
2,0,169497
3,0,169571
2,0,169644
4,0,169644
1,0,169717
3,0,169790
2,0,169863
3,0,169936
4,0,169936
1,0,170010
2,0,170083
3,0,170156
1,0,170229
4,0,170229
3,0,170302
2,0,170375
4,0,170449
1,0,170522
3,0,170522
2,0,170595
4,0,170668
3,0,170668
2,0,170741
1,0,170741
3,0,170814
4,0,170814
2,0,170888
1,0,170888
3,0,170961
4,0,170961
2,0,171034
1,0,171107
3,0,171180
2,0,171253
4,0,171253
1,0,171327
3,0,171400
4,0,171400
2,0,171473
1,0,171473
3,0,171546
4,0,171546
2,0,171619
1,0,171619
3,0,171692
4,0,171692
2,0,171766
1,0,171839
3,0,171839
4,0,171839
2,0,171985
1,0,171985
3,0,172132
2,0,172205
4,0,172278
3,0,172278
1,0,172424
2,0,172571
4,0,172571
3,0,172717
2,0,172790
1,0,172863
4,0,172863
3,0,173010
2,0,173156
1,0,173156
3,0,173302
4,0,173449
1,0,173449
2,0,173595
3,0,173668
2,0,173741
1,0,173741
4,0,173888
3,0,174034
2,0,174034
1,0,174180
3,0,174327
4,0,174327
2,0,174473
3,0,174546
1,0,174619
4,0,174619
2,0,174766
3,0,174912
1,0,174912
4,0,175058
3,0,175132
2,0,175205
4,0,175205
1,0,175351
3,0,175497
4,0,175497
2,0,175644
4,0,175790
1,0,175790
3,0,175936
2,0,176010
1,0,176083
4,0,176083
3,0,176229
2,0,176375
1,0,176375
4,0,176522
3,0,176522
1,0,176522
3,0,176668
2,0,176668
1,0,176814
2,0,176888
4,0,176961
3,0,176961
1,0,177107
2,0,177253
4,0,177253
3,0,177400
2,0,177473
3,0,177546
1,0,177546
4,0,177692
2,0,177692
1,0,177692
3,0,177839
4,0,177839
2,0,177985
3,0,178132
1,0,178132
4,0,178278
3,0,178351
2,0,178424
1,0,178424
4,0,178571
3,0,178717
2,0,178717
2,0,178863
1,0,178863
3,0,178936
4,0,178936
2,0,179010
1,0,179010
3,0,179083
4,0,179083
2,0,179156
1,0,179156
3,0,179229
4,0,179229
2,0,179302
1,0,179302
4,0,179375
3,0,179375
1,0,179449
2,0,179449
3,0,179522
4,0,179595
1,0,179668
2,0,179741
4,0,179814
3,0,179888
2,0,179961
1,0,180034
4,0,180034
3,0,180107
2,0,180180
3,0,180253
1,0,180327
2,0,180327
4,0,180400
3,0,180473
1,0,180546
2,0,180619
4,0,180619
3,0,180619
1,0,180912
3,0,180912
1,0,181205
2,0,181205
4,0,181205
3,0,181302
2,0,181400
1,0,181497
3,0,181595
2,0,181692
1,0,181790
2,0,181888
3,0,181985
4,0,182083
1,0,182180
2,0,182278
3,0,182375
2,0,182473
1,0,182571
4,0,182668
3,0,182766
2,0,182863
1,0,182961
2,0,183058
3,0,183156
2,0,183253
3,0,183351
4,0,183449
3,0,183546
2,0,183644
1,0,183741
4,0,183839
3,0,183936
2,0,184034
1,0,184132
2,0,184229
3,0,184327
4,0,184424
2,0,184522
3,0,184619
4,0,184717
3,0,184790
2,0,184863
3,0,184936
2,0,185010
1,0,185083
4,0,185156
3,0,185229
2,0,185302
1,0,185375
2,0,185449
3,0,185522
4,0,185595
1,0,185888
2,0,185985
3,0,186083
4,0,186180
2,0,186278
3,0,186375
4,0,186473
3,0,186571
2,0,186668
1,0,186766
4,0,186863
3,0,186961
2,0,187058
3,0,187156
4,0,187253
1,0,187351
2,0,187449
3,0,187546
4,0,187644
3,0,187741
2,0,187839
3,0,187936
2,0,188034
1,0,188132
2,0,188229
3,0,188327
4,0,188424
1,0,188522
2,0,188619
3,0,188717
4,0,188814
3,0,188912
2,0,189010
1,0,189107
3,0,189205
2,0,189302
1,0,189400
2,0,189473
3,0,189546
2,0,189619
4,0,189692
3,0,189766
2,0,189839
3,0,189912
1,0,189985
4,0,190058
3,0,190132
2,0,190205
1,0,191156
2,0,191302
3,0,191375
4,0,191449
2,0,191522
3,0,191595
1,0,191668
2,0,191741
4,0,191814
3,0,191888
2,0,191961
1,0,192034
3,0,192180
4,0,192912
3,0,192985
4,0,193058
2,0,193132
3,0,193351
2,0,193717
3,0,193863
4,0,194010
1,0,194083
2,0,194888
3,0,194961
2,0,195034
3,0,195107
2,0,195180
3,0,195253
2,0,195327
1,0,195400
4,0,195473
1,0,195692
2,0,195766
3,0,195839
4,0,195936
2,0,196034
1,0,196132
2,0,196205
3,0,196278
2,0,196351
4,0,196424
3,0,196497
2,0,196571
1,0,196644
3,0,196717
4,0,196790
2,0,196863
3,0,196936
1,0,197010
2,0,197010
4,0,197083
3,0,197156
2,0,197156
1,0,197229
3,0,197302
4,0,197302
2,0,197375
1,0,197449
3,0,197449
4,0,197522
2,0,197595
1,0,197595
3,0,197668
4,0,197668
2,0,197741
1,0,197741
3,0,197814
4,0,197814
2,0,197888
1,0,197888
3,0,197961
4,0,198034
1,0,198107
2,0,198180
3,0,198180
4,0,198253
1,0,198327
3,0,198400
2,0,198473
1,0,198473
3,0,198546
4,0,198546
2,0,198619
1,0,198619
3,0,198692
4,0,198766
2,0,198766
1,0,198766
3,0,198839
2,0,198912
1,0,198912
4,0,198985
3,0,198985
2,0,199058
1,0,199058
4,0,199132
3,0,199205
2,0,199205
1,0,199205
4,0,199278
3,0,199351
1,0,199351
2,0,199497
1,0,199571
4,0,199644
3,0,199644
2,0,199717
1,0,199717
3,0,199790
4,0,199790
2,0,199863
1,0,199936
3,0,199936
4,0,199936
2,0,200083
4,0,200083
1,0,200229
2,0,200302
3,0,200375
4,0,200375
4,0,200522
1,0,200522
2,0,200668
3,0,200741
1,0,200814
4,0,200814
3,0,200961
2,0,201034
3,0,201107
4,0,201107
2,0,201253
1,0,201253
4,0,201400
3,0,201473
2,0,201546
1,0,201546
3,0,201692
4,0,201692
2,0,201692
1,0,201839
4,0,201839
3,0,201839
3,0,202278
2,0,202351
1,0,202424
4,0,202424
2,0,202571
3,0,202644
2,0,202717
4,0,202717
4,0,202863
1,0,202863
2,0,203010
3,0,203083
1,0,203156
4,0,203156
2,0,203302
3,0,203375
2,0,203449
1,0,203449
2,0,203595
4,0,203595
3,0,203741
2,0,203814
4,0,203888
1,0,203888
2,0,204034
3,0,204034
1,0,204034
3,0,204180
4,0,204180
1,0,204180
2,0,204619
3,0,204692
4,0,204766
2,0,204766
1,0,204912
2,0,204985
4,0,205058
3,0,205058
4,0,205205
1,0,205205
3,0,205351
2,0,205424
4,0,205497
1,0,205497
2,0,205644
4,0,205717
1,0,205790
3,0,205790
4,0,205936
3,0,205936
2,0,206083
3,0,206156
2,0,206229
1,0,206229
3,0,206375
1,0,206375
4,0,206375
2,0,206522
3,0,206522
4,0,206522
2,0,206668
1,0,206668
3,0,206814
4,0,206814
1,0,206814
3,0,207107
4,0,207107
2,0,207253
3,0,207327
1,0,207400
4,0,207400
2,0,207546
4,0,207546
2,0,207692
1,0,207692
3,0,207839
1,0,207839
4,0,207839
2,0,207985
3,0,207985
4,0,207985
1,0,208278
3,0,208278
4,0,208424
3,0,208497
2,0,208571
1,0,208571
4,0,208717
3,0,208717
1,0,208717
3,0,208863
2,0,208863
2,0,209010
1,0,209010
3,0,209083
4,0,209083
2,0,209156
1,0,209156
3,0,209229
4,0,209302
2,0,209302
1,0,209302
3,0,209449
1,0,209449
4,0,209595
3,0,209668
2,0,209741
1,0,209741
4,0,209888
1,0,209888
3,0,210034
2,0,210107
1,0,210180
4,0,210180
2,0,210327
3,0,210400
2,0,210473
1,0,210473
3,0,210619
4,0,210619
1,0,210766
2,0,210839
3,0,210912
4,0,210912
1,0,211058
2,0,211058
3,0,211058
4,0,211205
1,0,211205
2,0,211205
2,0,211644
3,0,211717
1,0,211790
4,0,211790
3,0,211936
2,0,212010
3,0,212083
1,0,212083
4,0,212229
1,0,212229
3,0,212375
2,0,212449
4,0,212522
1,0,212522
3,0,212668
2,0,212741
4,0,212814
3,0,212814
3,0,212961
1,0,212961
2,0,213107
3,0,213180
4,0,213253
1,0,213253
4,0,213400
2,0,213400
3,0,213400
2,0,213546
4,0,213546
1,0,213546
3,0,213985
2,0,214058
1,0,214132
3,0,214132
4,0,214278
3,0,214351
2,0,214424
1,0,214424
1,0,214571
4,0,214571
2,0,214717
3,0,214790
1,0,214863
4,0,214863
3,0,215010
1,0,215083
4,0,215156
2,0,215156
2,0,215302
1,0,215302
3,0,215449
2,0,215522
3,0,215595
4,0,215595
4,0,215741
2,0,215741
1,0,215741
2,0,215888
1,0,215888
3,0,215888
4,0,216034
3,0,216034
4,0,216180
2,0,216180
1,0,216180
1,0,216473
2,0,216473
3,0,216619
2,0,216692
4,0,216766
1,0,216766
1,0,216912
3,0,216912
2,0,216912
4,0,217058
3,0,217058
4,0,217205
1,0,217205
2,0,217205
3,0,217351
2,0,217351
1,0,217351
4,0,217644
2,0,217644
1,0,217790
2,0,217863
4,0,217936
3,0,217936
2,0,218083
1,0,218083
4,0,218083
2,0,218229
3,0,218229
2,0,218375
1,0,218375
3,0,218449
4,0,218449
2,0,218522
1,0,218522
3,0,218595
4,0,218668
1,0,218668
2,0,218668
3,0,218741
4,0,218814
2,0,218888
1,0,218961
2,0,219034
3,0,219107
4,0,219180
2,0,219253
3,0,219327
2,0,219400
1,0,219473
4,0,219546
3,0,219619
1,0,219692
2,0,219766
3,0,219839
1,0,219912
2,0,219985
4,0,220058
3,0,220132
2,0,220205
3,0,220278
4,0,220351
1,0,220424
2,0,220497
4,0,220571
3,0,220644
2,0,220717
1,0,220790
3,0,220863
2,0,220936
1,0,221302
3,0,221375
1,0,221449
3,0,221522
2,0,221595
3,0,221668
4,0,221741
1,0,221814
2,0,221888
3,0,221961
1,0,222034
2,0,222107
3,0,222180
2,0,222253
1,0,222327
4,0,222400
3,0,222473
2,0,222546
3,0,222619
2,0,222692
4,0,222985
2,0,223058
4,0,223132
2,0,223205
1,0,223351
3,0,223351
2,0,223497
3,0,223497
2,0,223644
4,0,223644
4,0,223790
1,0,223790
2,0,223936
3,0,223936
1,0,224083
4,0,224083
1,0,224229
3,0,224229
3,0,224375
2,0,224375
4,0,224522
1,0,224522
3,0,224668
2,0,224668
2,0,224814
4,0,224814
1,0,224961
4,0,224961
2,0,225107
1,0,225107
2,0,225253
3,0,225253
3,0,225400
4,0,225400
4,0,225546
2,0,225546
3,0,225692
1,0,225692
3,0,225839
2,0,225839
4,0,225985
2,0,225985
3,0,226132
4,0,226132
2,0,226278
1,0,226278
1,0,226424
3,0,226424
2,0,226571
3,0,226571
4,0,226717
2,0,226717
3,0,226863
4,0,226863
4,0,227010
2,0,227010
1,0,227156
3,0,227156
2,0,227302
1,0,227302
3,0,227449
2,0,227449
4,0,227522
1,0,227595
2,0,227668
3,0,227741
4,0,227741
1,0,227888
2,0,227888
1,0,228034
3,0,228034
1,0,228619
3,0,228692
1,0,228766
3,0,228839
1,0,228912
3,0,228985
2,0,229058
3,0,229132
2,0,229205
3,0,229278
2,0,229351
3,0,229424
1,0,229497
4,0,229571
1,0,229644
4,0,229717
1,0,229790
4,0,229863
1,0,229936
3,0,230010
1,0,230083
3,0,230156
1,0,230229
3,0,230302
2,0,231546
3,0,231546
2,0,231692
4,0,231692
4,0,231839
1,0,231839
2,0,231985
1,0,231985
3,0,232132
2,0,232205
3,0,232278
2,0,232351
3,0,232424
2,0,232497
3,0,232571
2,0,232644
4,0,232717
3,0,232790
2,0,232863
3,0,232936
2,0,233010
1,0,233083
2,0,233156
3,0,233229
4,0,233302
1,0,233375
3,0,233449
2,0,233522
4,0,233595
1,0,233668
2,0,233741
3,0,233814
4,0,233888
3,0,233961
1,0,234034
2,0,234107
3,0,234180
2,0,234253
4,0,234327
3,0,234400
2,0,234473
4,0,234546
1,0,234619
2,0,234692
4,0,234766
3,0,234839
2,0,234912
1,0,234985
3,0,235058
4,0,235132
1,0,235205
2,0,235278
3,0,235351
1,0,235424
2,0,235497
3,0,235571
4,0,235644
3,0,235717
2,0,235790
1,0,235863
3,0,236229
2,0,236302
1,0,236375
2,0,236449
3,0,236522
2,0,236595
3,0,236668
4,0,236741
1,0,236814
2,0,236888
3,0,236961
2,0,237034
1,0,237107
4,0,237180
3,0,237253
2,0,237327
1,0,237400
4,0,237400
3,0,237400
4,0,237546
2,0,237546
3,0,237692
2,0,237766
1,0,237839
4,0,237839
2,0,237985
3,0,238132
1,0,238132
4,0,238278
2,0,238424
4,0,238424
2,0,238571
4,0,238717
3,0,238717
2,0,238863
3,0,239010
1,0,239010
4,0,239156
2,0,239302
1,0,239302
3,0,239449
1,0,239595
3,0,239595
1,0,239741
3,0,239888
4,0,239888
2,0,240034
3,0,240107
2,0,240180
4,0,240180
3,0,240327
2,0,240473
1,0,240473
4,0,240619
4,0,240766
2,0,240766
2,0,240912
3,0,241058
4,0,241058
2,0,241205
1,0,241205
2,0,241351
4,0,241351
3,0,241497
1,0,241644
2,0,241644
2,0,241790
4,0,241863
1,0,241936
3,0,241936
4,0,242083
1,0,242083
2,0,242083
3,0,242229
4,0,242229
2,0,242375
4,0,242449
3,0,242522
1,0,242522
4,0,242668
2,0,242814
1,0,242814
3,0,242961
1,0,243107
3,0,243107
1,0,243253
3,0,243400
4,0,243400
1,0,243546
4,0,243692
2,0,243692
3,0,243839
2,0,243985
1,0,243985
4,0,244132
4,0,244278
2,0,244278
2,0,244424
3,0,244571
4,0,244571
2,0,244717
3,0,244790
2,0,244863
1,0,244863
4,0,245010
3,0,245156
1,0,245156
2,0,245302
2,0,245449
4,0,245449
4,0,245595
3,0,245668
1,0,245741
2,0,245814
3,0,245888
1,0,245888
4,0,245888
2,0,246034
3,0,246107
1,0,246180
4,0,246180
3,0,246327
2,0,246400
4,0,246473
1,0,246473
3,0,246473
2,0,246619
4,0,246766
3,0,246766
2,0,246766
1,0,246912
4,0,246912
3,0,247058
2,0,247132
1,0,247205
4,0,247205
2,0,247351
4,0,247497
3,0,247497
2,0,247644
2,0,247790
4,0,247790
4,0,247936
1,0,248083
2,0,248083
4,0,248229
3,0,248375
1,0,248375
2,0,248522
4,0,248668
3,0,248668
1,0,248814
1,0,248961
3,0,248961
3,0,249107
4,0,249253
2,0,249253
1,0,249400
2,0,249473
4,0,249546
3,0,249546
1,0,249692
2,0,249839
4,0,249839
1,0,249985
1,0,250132
4,0,250132
4,0,250278
2,0,250424
1,0,250424
4,0,250571
3,0,250571
1,0,250717
3,0,250717
2,0,250863
3,0,251010
4,0,251010
3,0,251156
1,0,251229
2,0,251302
4,0,251302
1,0,251449
3,0,251449
4,0,251449
2,0,251595
1,0,251595
3,0,251741
2,0,251814
3,0,251888
4,0,251888
1,0,252034
2,0,252180
4,0,252180
3,0,252327
1,0,252473
3,0,252473
1,0,252619
3,0,252766
2,0,252766
1,0,252912
4,0,253058
2,0,253058
3,0,253132
2,0,253205
3,0,253278
1,0,253351
4,0,253351
1,0,253497
2,0,253571
4,0,253644
3,0,253644
2,0,253790
1,0,253790
3,0,253863
4,0,253936
2,0,253936
1,0,254010
3,0,254083
4,0,254083
2,0,254156
3,0,254229
1,0,254229
4,0,254302
2,0,254375
1,0,254375
3,0,254449
4,0,254449
2,0,254522
1,0,254522
3,0,254595
4,0,254595
2,0,254668
1,0,254668
3,0,254814
2,0,254814
4,0,254961
3,0,254961
2,0,255034
1,0,255107
3,0,255180
2,0,255253
4,0,255253
1,0,255327
3,0,255400
2,0,255473
4,0,255546
3,0,255546
2,0,255619
1,0,255692
3,0,255766
2,0,255839
1,0,255839
3,0,255912
4,0,255985
2,0,256058
1,0,256132
3,0,256132
4,0,256132
2,0,256424
4,0,256424
3,0,256717
3,0,256863
2,0,257010
3,0,257010
4,0,257302
2,0,257302
3,0,257595
1,0,257595
3,0,257741
2,0,258034
4,0,258180
2,0,258180
3,0,258473
1,0,258766
3,0,258766
2,0,259058
2,0,259205
1,0,259351
2,0,259351
3,0,259644
3,0,259790
2,0,259936
3,0,259936
1,0,260083
1,0,260229
4,0,260229
3,0,260375
1,0,260522
3,0,260522
2,0,260814
4,0,260814
3,0,260814
4,0,261107
2,0,261107
1,0,261400
1,0,261546
1,0,261692
3,0,261692
4,0,261985
2,0,261985
1,0,261985
2,0,262278
3,0,262278
4,0,262424
1,0,262571
4,0,262571
2,0,262717
2,0,262863
4,0,262863
3,0,263156
1,0,263156
2,0,263156
1,0,263449
4,0,263449
3,0,263741
2,0,263888
2,0,264034
4,0,264034
3,0,264180
3,0,264327
2,0,264327
1,0,264473
1,0,264619
4,0,264619
3,0,264766
3,0,264912
2,0,264985
4,0,265058
3,0,265132
1,0,265205
2,0,265205
2,0,265351
1,0,265497
3,0,265497
4,0,265497
2,0,265790
4,0,265790
1,0,266083
1,0,266229
3,0,266375
1,0,266375
2,0,266668
3,0,266961
2,0,266961
3,0,267107
1,0,267400
1,0,267546
4,0,267546
3,0,267839
2,0,268132
1,0,268132
3,0,268424
2,0,268571
2,0,268717
3,0,268717
4,0,269010
4,0,269156
2,0,269302
4,0,269302
1,0,269449
3,0,269595
2,0,269595
1,0,269741
1,0,269888
3,0,269888
4,0,270180
1,0,270180
2,0,270180
4,0,270473
3,0,270473
2,0,270766
2,0,270912
4,0,271058
2,0,271058
3,0,271351
4,0,271351
1,0,271351
2,0,271644
3,0,271644
3,0,271790
1,0,272083
1,0,272229
4,0,272229
2,0,272522
4,0,272522
3,0,272522
1,0,272814
3,0,272814
2,0,273107
3,0,273253
4,0,273400
3,0,273400
1,0,273546
4,0,273546
2,0,273546
3,0,273839
4,0,273839
1,0,273912
2,0,273912
3,0,273985
1,0,274278
2,0,274278
2,0,274424
3,0,274571
1,0,274571
3,0,274717
1,0,274863
2,0,274863
4,0,274863
3,0,275010
1,0,275156
4,0,275302
1,0,275449
3,0,275595
1,0,275741
4,0,275888
2,0,276034
4,0,276180
1,0,276327
4,0,276473
2,0,276619
3,0,276766
1,0,276912
2,0,277058
4,0,277205
3,0,277351
1,0,277497
4,0,277644
2,0,277790
3,0,277936
2,0,278083
4,0,278229
1,0,278375
3,0,278522
2,0,278668
4,0,278814
2,0,278961
3,0,279107
1,0,279253
2,0,279400
3,0,279546
4,0,279692
1,0,279839
4,0,279985
2,0,280132
4,0,280278
1,0,280424
3,0,280571
1,0,280717
4,0,280863
1,0,281010
3,0,281156
2,0,281302
4,0,281449
3,0,281595
1,0,281741
2,0,281888
4,0,282034
1,0,282180
3,0,282327
2,0,282473
3,0,282619
1,0,282766
4,0,282912
2,0,283058
3,0,283205
3,0,283351
1,0,283351
1,0,283497
4,0,283644
4,0,283790
3,0,283790
1,0,283936
3,0,283936
1,0,284083
2,0,284229
4,0,284229
3,0,284229
1,0,284229
1,0,284814
2,0,284814
3,0,284814
4,0,284814
1,0,285400
2,0,285400
3,0,285400
4,0,285400
1,0,285985
2,0,285985
3,0,285985
4,0,285985
1,0,286571
2,0,286571
3,0,286571
4,0,286571
1,0,287156
2,0,287156
3,0,287156
4,0,287156
1,0,287741
2,0,287741
3,0,287741
4,0,287741
4,0,287888
2,0,288034
3,0,288180
4,0,288180
2,0,288253
1,0,288253
3,0,288327
1,0,288473
1,0,288619
3,0,288766
4,0,288766
2,0,288839
1,0,288912
4,0,288912
3,0,288912
2,0,289058
3,0,289132
4,0,289205
2,0,289205
1,0,289351
3,0,289497
4,0,289497
2,0,289644
3,0,289717
1,0,289790
4,0,289790
3,0,289936
2,0,290083
1,0,290083
4,0,290229
3,0,290375
1,0,290375
2,0,290522
3,0,290595
2,0,290668
1,0,290668
4,0,290814
2,0,290961
3,0,290961
1,0,291107
4,0,291253
3,0,291253
1,0,291253
2,0,291400
3,0,291473
4,0,291546
1,0,291546
2,0,291546
1,0,291692
3,0,291839
4,0,291839
2,0,291839
4,0,291985
2,0,292132
3,0,292132
1,0,292132
3,0,292278
2,0,292424
1,0,292424
3,0,292522
4,0,292619
2,0,292717
1,0,292717
3,0,292814
1,0,292912
2,0,293010
4,0,293010
3,0,293107
1,0,293205
4,0,293302
3,0,293302
2,0,293400
1,0,293497
2,0,293595
4,0,293595
3,0,293595
1,0,293741
2,0,293741
3,0,293888
4,0,294034
1,0,294034
4,0,294253
3,0,294327
1,0,294327
2,0,294473
3,0,294619
4,0,294619
1,0,294766
2,0,294912
3,0,294912
4,0,295058
2,0,295205
1,0,295205
3,0,295351
2,0,295424
3,0,295497
4,0,295497
1,0,295644
2,0,295790
4,0,295790
3,0,295936
1,0,295936
4,0,295936
2,0,296083
1,0,296083
3,0,296229
4,0,296375
2,0,296375
1,0,296595
3,0,296668
4,0,296668
2,0,296814
3,0,296961
1,0,296961
4,0,297107
3,0,297180
2,0,297253
1,0,297253
3,0,297400
2,0,297546
4,0,297546
4,0,297766
3,0,297839
1,0,297839
2,0,297985
3,0,298058
2,0,298132
1,0,298132
4,0,298278
1,0,298278
3,0,298278
2,0,298424
4,0,298424
3,0,298571
1,0,298717
2,0,298717
4,0,298936
3,0,299010
1,0,299010
2,0,299156
3,0,299302
4,0,299302
1,0,299449
2,0,299595
3,0,299595
4,0,299741
1,0,299888
2,0,299888
4,0,300034
3,0,300107
4,0,300180
2,0,300180
1,0,300327
3,0,300473
4,0,300473
2,0,300619
3,0,300619
1,0,300619
1,0,300766
4,0,300766
2,0,300912
4,0,301058
3,0,301058
1,0,301278
2,0,301351
4,0,301351
3,0,301497
2,0,301644
1,0,301644
3,0,301790
2,0,301863
3,0,301936
4,0,301936
1,0,302083
2,0,302229
4,0,302229
1,0,302449
3,0,302522
4,0,302522
2,0,302668
3,0,302741
4,0,302814
1,0,302814
2,0,302961
3,0,302961
1,0,302961
2,0,303107
4,0,303107
1,0,303253
4,0,303400
3,0,303400
1,0,303619
4,0,303692
2,0,303692
3,0,303839
1,0,303985
2,0,303985
4,0,304132
2,0,304278
3,0,304278
1,0,304424
4,0,304571
3,0,304571
1,0,304717
2,0,304790
3,0,304863
1,0,304863
4,0,305010
1,0,305156
2,0,305156
2,0,305302
4,0,305302
3,0,305302
1,0,305449
4,0,305449
3,0,305595
2,0,305741
1,0,305741
4,0,305961
3,0,306034
1,0,306034
2,0,306180
3,0,306327
4,0,306327
2,0,306473
3,0,306546
2,0,306619
1,0,306619
4,0,306766
1,0,306912
3,0,306912
4,0,307132
1,0,307205
2,0,307205
3,0,307351
2,0,307424
4,0,307497
1,0,307497
4,0,307644
3,0,307644
2,0,307644
2,0,307790
1,0,307790
3,0,307936
1,0,308083
4,0,308083
2,0,308229
3,0,308375
4,0,308375
2,0,308522
1,0,308668
3,0,308668
4,0,308814
1,0,308961
2,0,308961
3,0,309107
4,0,309253
2,0,309253
3,0,309400
4,0,309400
2,0,309473
3,0,309546
1,0,309546
4,0,309619
1,0,309692
2,0,309692
3,0,309766
4,0,309839
1,0,309839
2,0,309912
4,0,309985
3,0,309985
2,0,310058
1,0,310058
3,0,310132
4,0,310132
1,0,310205
2,0,310205
3,0,310278
4,0,310351
1,0,310424
2,0,310497
4,0,310571
3,0,310644
2,0,310717
1,0,310790
3,0,310863
2,0,310936
3,0,311010
2,0,311083
1,0,311156
3,0,311156
4,0,311156
2,0,311229
3,0,311302
4,0,311302
2,0,311375
1,0,311375
3,0,311449
4,0,311449
1,0,311522
2,0,311522
3,0,311595
4,0,311595
2,0,311668
1,0,311741
4,0,311741
2,0,311814
3,0,311888
4,0,311961
2,0,312034
1,0,312034
3,0,312107
4,0,312107
2,0,312180
1,0,312180
3,0,312253
2,0,312327
4,0,312327
1,0,312400
4,0,312473
3,0,312473
2,0,312546
3,0,312619
1,0,312692
2,0,312766
4,0,312766
3,0,312839
2,0,312912
4,0,312985
1,0,313058
3,0,313058
2,0,313132
3,0,313205
4,0,313278
1,0,313351
2,0,313351
3,0,313424
2,0,313497
4,0,313571
3,0,313644
1,0,313644
2,0,313717
3,0,313790
4,0,313863
2,0,313936
1,0,313936
3,0,314010
4,0,314083
1,0,314156
2,0,314229
4,0,314229
3,0,314302
2,0,314375
1,0,314449
4,0,314522
3,0,314522
2,0,314595
4,0,314668
3,0,314741
2,0,314814
1,0,314814
3,0,314888
4,0,314961
1,0,315034
3,0,315107
2,0,315107
4,0,315180
1,0,315253
2,0,315327
3,0,315400
4,0,315400
1,0,315473
2,0,315546
3,0,315619
4,0,315692
2,0,315692
1,0,315766
3,0,315839
2,0,315912
3,0,315985
4,0,315985
1,0,316058
2,0,316132
4,0,316205
3,0,316278
1,0,316278
2,0,316351
4,0,316424
3,0,316497
2,0,316571
1,0,316571
3,0,316644
4,0,316717
1,0,316790
4,0,316863
2,0,316863
3,0,316936
2,0,317010
1,0,317083
3,0,317156
4,0,317156
2,0,317229
3,0,317302
1,0,317375
2,0,317449
4,0,317449
3,0,317522
2,0,317595
1,0,317668
3,0,317741
4,0,317741
2,0,317814
1,0,317888
4,0,317961
1,0,318034
3,0,318034
2,0,318107
3,0,318180
4,0,318253
2,0,318327
1,0,318327
3,0,318400
1,0,318473
2,0,318546
3,0,318619
4,0,318619
2,0,318692
1,0,318766
4,0,318839
2,0,318912
3,0,318912
1,0,318985
4,0,319058
3,0,319132
2,0,319205
1,0,319205
4,0,319278
3,0,319351
2,0,319424
1,0,319497
3,0,319497
4,0,319571
2,0,319644
3,0,319717
1,0,319790
2,0,319790
4,0,319863
3,0,319936
2,0,320010
4,0,320083
1,0,320083
2,0,320156
3,0,320229
1,0,320302
2,0,320375
4,0,320375
3,0,320449
1,0,320522
2,0,320522
3,0,320595
4,0,320668
1,0,320741
4,0,320814
2,0,320814
3,0,320888
2,0,320961
4,0,321034
3,0,321107
1,0,321107
2,0,321180
4,0,321253
1,0,321327
3,0,321400
2,0,321400
1,0,321473
4,0,321546
2,0,321619
3,0,321692
1,0,321692
4,0,321692
2,0,321839
4,0,321839
3,0,321985
2,0,322058
3,0,322132
1,0,322132
2,0,322278
4,0,322424
1,0,322424
3,0,322571
2,0,322644
4,0,322717
1,0,322717
2,0,322863
3,0,323010
4,0,323010
2,0,323156
1,0,323302
4,0,323302
3,0,323449
2,0,323522
3,0,323595
4,0,323595
1,0,323741
3,0,323888
2,0,323888
4,0,324034
1,0,324180
2,0,324180
3,0,324327
2,0,324400
4,0,324473
1,0,324473
3,0,324619
2,0,324766
4,0,324766
1,0,324912
2,0,324985
3,0,325058
1,0,325058
4,0,325205
2,0,325351
1,0,325351
3,0,325497
1,0,325644
4,0,325644
2,0,325790
3,0,325863
1,0,325936
4,0,325936
2,0,326083
3,0,326229
4,0,326229
2,0,326375
4,0,326375
1,0,326375
2,0,326522
3,0,326522
4,0,326668
3,0,326741
1,0,326814
2,0,326814
4,0,326961
1,0,327107
3,0,327107
2,0,327253
3,0,327327
2,0,327400
4,0,327400
4,0,327546
3,0,327546
1,0,327546
2,0,327692
1,0,327692
3,0,327839
4,0,327985
2,0,327985
1,0,328132
2,0,328205
4,0,328278
3,0,328278
1,0,328424
3,0,328571
2,0,328571
3,0,328717
4,0,328717
2,0,328790
1,0,328790
4,0,328863
3,0,328863
1,0,328936
2,0,328936
4,0,329010
3,0,329010
2,0,329083
1,0,329083
3,0,329156
4,0,329156
2,0,329229
1,0,329229
4,0,329302
3,0,329302
2,0,329375
1,0,329449
4,0,329522
3,0,329595
1,0,329668
2,0,329741
3,0,329814
1,0,329888
4,0,329888
2,0,329888
3,0,329961
4,0,330034
1,0,330107
3,0,330180
4,0,330180
2,0,330180
1,0,330253
2,0,330327
4,0,330400
2,0,330473
1,0,330473
3,0,330473
4,0,330546
3,0,330619
2,0,330692
4,0,330766
3,0,330766
1,0,330766
2,0,330839
1,0,330912
3,0,330985
4,0,331058
1,0,331058
2,0,331058
